26
15
8
14
5
9
31
10
33
36
